1 16 1290
16 1 1290
2 16 530
16 2 530
3 16 1450
16 3 1450
4 16 1280
16 4 1280
5 16 1050
16 5 1050
6 16 2300
16 6 2300
7 16 1230
16 7 1230
8 16 1800
16 8 1800
9 16 1000
16 9 1000
10 16 1670
16 10 1670
11 16 1360
16 11 1360
12 16 1040
16 12 1040
13 16 250
16 13 250
14 16 770
16 14 770
15 16 1250
16 15 1250
16 17 550
17 16 550
