1 4 1096
4 1 1096
1 16 1713
16 1 1713
2 13 349
13 2 349
2 15 1083
15 2 1083
3 10 1104
10 3 1104
4 5 1466
5 4 1466
5 10 852
10 5 852
5 16 1293
16 5 1293
6 8 625
8 6 625
7 12 481
12 7 481
8 12 1270
12 8 1270
8 14 1953
14 8 1953
9 17 559
17 9 559
10 9 713
9 10 713
11 15 531
15 11 531
12 13 1035
13 12 1035
12 14 1421
14 12 1421
13 17 631
17 13 631
14 16 1122
16 14 1122
15 3 484
3 15 484
16 13 292
13 16 292
17 5 771
5 17 771
